[
[[[300, 100], [350, 100]], [[300, 150], [350, 150]]], 
[[[325, 75], [375, 75]], [[325, 125], [375, 125]]], 
[[[385, 135], [435, 135]], [[385, 185], [435, 185]]], 
[[[410, 110], [460, 110]], [[410, 160], [460, 160]]], 
[[[260, 210], [310, 210]], [[260, 260], [310, 260]]], 
[[[285, 185], [335, 185]], [[285, 235], [335, 235]]], 
[[[345, 245], [395, 245]], [[345, 295], [395, 295]]], 
[[[370, 220], [420, 220]], [[370, 270], [420, 270]]], 
[[[470, 195], [520, 195]], [[470, 245], [520, 245]]], 
[[[495, 170], [545, 170]], [[495, 220], [545, 220]]],
[[[555, 230], [605, 230]], [[555, 280], [605, 280]]], 
[[[580, 205], [630, 205]], [[580, 255], [630, 255]]], 
[[[430, 305], [480, 305]], [[430, 355], [480, 355]]], 
[[[455, 280], [505, 280]], [[455, 330], [505, 330]]], 
[[[515, 340], [565, 340]], [[515, 390], [565, 390]]], 
[[[540, 315], [590, 315]], [[540, 365], [590, 365]]], 
[[[215, 340], [265, 340]], [[215, 390], [265, 390]]], 
[[[240, 315], [290, 315]], [[240, 365], [290, 365]]], 
[[[300, 375], [350, 375]], [[300, 425], [350, 425]]], 
[[[325, 350], [375, 350]], [[325, 400], [375, 400]]], 
[[[175, 450], [225, 450]], [[175, 500], [225, 500]]], 
[[[200, 425], [250, 425]], [[200, 475], [250, 475]]], 
[[[260, 485], [310, 485]], [[260, 535], [310, 535]]], 
[[[285, 460], [335, 460]], [[285, 510], [335, 510]]], 
[[[385, 435], [435, 435]], [[385, 485], [435, 485]]], 
[[[410, 410], [460, 410]], [[410, 460], [460, 460]]], 
[[[470, 470], [520, 470]], [[470, 520], [520, 520]]], 
[[[495, 445], [545, 445]], [[495, 495], [545, 495]]], 
[[[345, 545], [395, 545]], [[345, 595], [395, 595]]], 
[[[370, 520], [420, 520]], [[370, 570], [420, 570]]], 
[[[430, 580], [480, 580]], [[430, 630], [480, 630]]], 
[[[455, 555], [505, 555]], [[455, 605], [505, 605]]]
]

